13850159 13879324 0
13975452 14003149 -0.45753
14019155 14046906 -0.40669
14062909 14090547 -0.35585
14105133 14134241 -0.30501
14148854 14177986 -0.25417
14192562 14221684 -0.20333
14236324 14263943 -0.15249
14280011 14307694 -0.10165
14322260 14351412 -0.05081
14365907 14395060 3e-05
14409627 14437325 0.05087
14453317 14481005 0.10171
14495624 14524748 0.15255
14539289 14568506 0.20339
14583070 14612124 0.25423
14626699 14655894 0.30507
14670460 14698073 0.35591
14714142 14741866 0.40675
14757868 14785571 0.45759
14881661 14909371 0
