12726938 12756037 0
12855140 12882748 -0.45861
12898845 12927962 -0.40765
12942534 12970152 -0.35669
12986198 13015391 -0.30573
13029958 13057631 -0.25477
13073606 13101283 -0.20381
13117358 13145004 -0.15285
13161055 13188734 -0.10189
13204792 13232395 -0.05093
13248485 13276180 3e-05
13292218 13319852 0.05099
13335928 13363539 0.10195
13379596 13407322 0.15291
13423312 13450949 0.20387
13467054 13494654 0.25483
13510678 13539904 0.30579
13554376 13582160 0.35675
13598090 13627286 0.40771
13641839 13670984 0.45867
13771493 13799203 0
