14945793 14974962 0
15065309 15094397 -0.45876
15109014 15136619 -0.40779
15151248 15180326 -0.35682
15194960 15222634 -0.30585
15237236 15266305 -0.25488
15280915 15310021 -0.20391
15323179 15352303 -0.15294
15366895 15395973 -0.10197
15410592 15438249 -0.051
15454320 15481914 -3e-05
15497938 15525656 0.05094
15540255 15569412 0.10191
15583934 15611583 0.15288
15626180 15655327 0.20385
15669906 15699029 0.25482
15712201 15741292 0.30579
15755834 15785031 0.35676
15799532 15827291 0.40773
15841832 15870931 0.4587
15959843 15988922 0
