11657442 11685177 0
11771172 11800249 -0.45841
11814875 11842555 -0.40748
11857052 11886267 -0.35655
11900765 11928526 -0.30562
11943081 11972162 -0.25469
11986773 12014423 -0.20376
12029056 12058124 -0.15283
12072744 12100352 -0.1019
12114929 12144124 -0.05097
12157239 12186380 -4e-05
12200894 12228574 0.05089
12243162 12272319 0.10182
12286860 12315980 0.15275
12329183 12358250 0.20368
12372862 12400494 0.25461
12415133 12444252 0.30554
12457394 12486513 0.35647
12501034 12528693 0.4074
12543268 12572434 0.45833
12658457 12686072 0
