0 14945793 14974962 0 80 522 453 418 341 375 403 413 489 331 391 463 574 461 427 0 0
1 15065309 15094397 -0.45876 80 0 1 0 1 0 1 2 0 1 1 3 2 2 1 0 0
2 15109014 15136619 -0.40779 76 2 2 3 1 2 3 0 2 1 2 2 0 2 2 0 0
3 15151248 15180326 -0.35682 80 8 5 1 2 3 4 5 5 1 3 5 7 4 6 0 0
4 15194960 15222634 -0.30585 76 15 13 6 8 15 16 13 17 11 13 14 24 23 11 0 0
5 15237236 15266305 -0.25488 80 40 31 24 24 19 32 37 41 32 24 28 35 33 30 0 0
6 15280915 15310021 -0.20391 80 107 83 72 64 65 62 88 100 65 78 92 81 99 94 0 0
7 15323179 15352303 -0.15294 80 166 172 159 113 163 182 169 180 112 132 173 198 203 161 0 0
8 15366895 15395973 -0.10197 80 300 307 255 222 210 247 281 320 192 233 309 332 277 250 0 0
9 15410592 15438249 -0.051 76 435 439 338 274 339 370 405 465 288 338 395 443 435 381 0 0
10 15454320 15481914 -3e-05 76 515 446 433 319 374 392 450 526 341 423 436 546 471 369 0 0
11 15497938 15525656 0.05094 76 495 452 386 306 360 375 428 465 331 367 438 526 457 386 0 0
12 15540255 15569412 0.10191 80 363 359 282 239 262 317 315 333 225 261 307 389 362 302 0 0
13 15583934 15611583 0.15288 76 216 231 192 144 192 168 202 227 153 185 187 247 204 190 0 0
14 15626180 15655327 0.20385 80 110 105 126 76 101 89 113 121 77 104 111 142 124 122 0 0
15 15669906 15699029 0.25482 80 36 54 41 39 36 47 53 51 48 29 56 60 53 39 0 0
16 15712201 15741292 0.30579 80 22 13 14 20 18 13 16 17 15 19 26 22 20 12 0 0
17 15755834 15785031 0.35676 80 11 7 7 5 4 3 6 5 3 3 6 3 10 8 0 0
18 15799532 15827291 0.40773 76 2 0 4 3 1 1 2 3 0 3 1 2 1 2 0 0
19 15841832 15870931 0.4587 80 0 0 0 1 0 1 2 2 1 1 3 3 0 1 0 0
20 15959843 15988922 0 80 476 506 396 321 378 405 439 520 366 389 460 514 471 425 0 0
