0 11657442 11685177 0 76 460 503 445 349 363 422 452 510 345 377 442 504 435 387 0 0
1 11771172 11800249 -0.45841 80 3 4 4 2 1 6 2 1 5 2 3 0 4 2 0 0
2 11814875 11842555 -0.40748 76 3 4 5 4 6 7 6 7 5 8 3 3 4 5 0 0
3 11857052 11886267 -0.35655 80 6 17 7 11 7 10 18 12 11 17 12 19 16 7 0 0
4 11900765 11928526 -0.30562 76 29 26 32 20 23 30 43 27 19 22 23 33 28 21 0 0
5 11943081 11972162 -0.25469 80 76 73 70 51 51 62 64 67 49 59 64 80 67 57 0 0
6 11986773 12014423 -0.20376 76 157 147 124 114 122 122 145 156 115 117 133 128 128 119 0 0
7 12029056 12058124 -0.15283 80 296 249 203 197 196 201 236 262 157 195 211 276 221 216 0 0
8 12072744 12100352 -0.1019 76 357 407 335 233 294 319 318 403 259 284 328 382 353 306 0 0
9 12114929 12144124 -0.05097 80 469 465 398 282 376 362 454 452 334 376 427 512 453 399 0 0
10 12157239 12186380 -4e-05 80 543 466 408 311 392 406 472 493 310 384 440 513 482 419 0 0
11 12200894 12228574 0.05089 76 397 429 348 263 303 342 444 474 303 343 373 483 418 371 0 0
12 12243162 12272319 0.10182 80 369 322 290 227 263 273 300 305 233 271 325 371 315 297 0 0
13 12286860 12315980 0.15275 80 207 213 194 148 143 173 179 237 152 187 183 216 210 182 0 0
14 12329183 12358250 0.20368 80 110 125 82 75 77 85 102 102 73 86 109 137 115 105 0 0
15 12372862 12400494 0.25461 76 52 60 59 38 30 52 50 58 40 43 53 63 58 43 0 0
16 12415133 12444252 0.30554 80 23 23 13 16 15 14 27 23 17 26 16 27 23 23 0 0
17 12457394 12486513 0.35647 80 11 13 6 5 7 9 12 12 11 8 7 5 11 9 0 0
18 12501034 12528693 0.4074 76 5 3 4 3 6 4 5 5 5 3 2 6 5 2 0 0
19 12543268 12572434 0.45833 80 2 5 3 1 2 0 3 4 2 1 0 3 1 3 0 0
20 12658457 12686072 0 76 501 484 421 311 362 441 485 481 357 405 447 483 464 391 0 0
