0 12726938 12756037 0 80 525 487 416 350 366 419 406 526 324 383 457 543 467 422 0 0
1 12855140 12882748 -0.45861 76 1 1 3 1 1 3 0 3 0 2 1 3 3 1 0 0
2 12898845 12927962 -0.40765 80 3 5 1 0 1 2 5 2 3 0 1 2 4 1 0 0
3 12942534 12970152 -0.35669 76 6 7 6 3 2 3 6 8 5 8 5 7 5 7 0 0
4 12986198 13015391 -0.30573 80 19 18 7 11 9 20 15 13 19 12 18 14 13 11 0 0
5 13029958 13057631 -0.25477 76 48 43 37 42 24 38 38 60 22 38 40 64 48 41 0 0
6 13073606 13101283 -0.20381 76 105 124 78 62 79 96 89 116 85 81 93 121 111 83 0 0
7 13117358 13145004 -0.15285 76 255 234 180 153 165 194 196 229 147 149 217 248 215 184 0 0
8 13161055 13188734 -0.10189 76 330 347 297 227 296 255 295 347 245 294 299 385 313 292 0 0
9 13204792 13232395 -0.05093 76 477 442 410 292 375 358 424 428 329 363 433 510 445 376 0 0
10 13248485 13276180 3e-05 76 497 481 379 317 364 427 428 469 315 386 417 507 502 443 0 0
11 13292218 13319852 0.05099 76 442 445 319 273 362 357 394 409 278 338 432 450 407 389 0 0
12 13335928 13363539 0.10195 76 321 304 272 204 217 255 264 279 228 223 254 335 302 271 0 0
13 13379596 13407322 0.15291 76 192 190 149 124 127 164 180 193 130 144 163 215 173 167 0 0
14 13423312 13450949 0.20387 76 85 95 66 67 70 73 74 105 60 64 84 94 78 69 0 0
15 13467054 13494654 0.25483 76 44 34 41 24 24 27 21 28 26 34 47 42 39 32 0 0
16 13510678 13539904 0.30579 80 13 21 10 10 17 12 12 17 6 21 8 19 10 12 0 0
17 13554376 13582160 0.35675 76 6 3 5 2 4 4 2 4 1 3 3 6 6 2 0 0
18 13598090 13627286 0.40771 80 1 0 1 4 0 5 0 1 2 2 1 0 2 3 0 0
19 13641839 13670984 0.45867 80 1 3 0 0 0 0 0 2 1 0 3 2 1 4 0 0
20 13771493 13799203 0 76 467 505 376 301 375 406 492 493 326 380 428 554 502 423 0 0
