0 13850159 13879324 0 80 490 459 413 309 357 399 440 469 326 409 450 513 452 411 0 0
1 13975452 14003149 -0.45753 76 6 3 1 0 1 1 2 2 4 0 2 1 3 3 0 0
2 14019155 14046906 -0.40669 76 0 2 4 1 4 1 5 7 1 3 4 5 4 0 0 0
3 14062909 14090547 -0.35585 76 12 10 11 4 7 15 15 15 3 7 12 12 15 9 0 0
4 14105133 14134241 -0.30501 80 19 15 22 14 20 12 18 26 17 17 22 23 19 23 0 0
5 14148854 14177986 -0.25417 80 50 50 42 42 25 44 56 47 22 43 48 58 41 31 0 0
6 14192562 14221684 -0.20333 80 122 117 97 61 96 95 102 138 79 90 103 127 98 72 0 0
7 14236324 14263943 -0.15249 76 200 179 169 138 165 153 200 218 168 154 203 183 189 154 0 0
8 14280011 14307694 -0.10165 76 326 330 233 205 260 261 323 305 228 232 287 344 284 268 0 0
9 14322260 14351412 -0.05081 80 424 418 364 294 317 370 397 447 301 356 362 496 370 369 0 0
10 14365907 14395060 3e-05 80 491 486 378 319 356 392 477 463 346 394 434 499 464 448 0 0
11 14409627 14437325 0.05087 76 489 432 409 331 367 366 455 454 353 389 425 480 455 400 0 0
12 14453317 14481005 0.10171 76 395 399 363 228 307 364 401 421 265 325 359 460 403 341 0 0
13 14495624 14524748 0.15255 80 318 287 224 191 215 214 249 265 210 245 276 290 272 271 0 0
14 14539289 14568506 0.20339 80 175 142 124 110 141 132 161 167 124 150 163 162 149 133 0 0
15 14583070 14612124 0.25423 80 88 72 69 64 64 85 65 80 62 52 80 97 80 78 0 0
16 14626699 14655894 0.30507 80 38 38 26 28 39 28 41 43 34 36 43 47 44 32 0 0
17 14670460 14698073 0.35591 76 21 8 9 19 12 17 15 10 10 12 15 23 11 14 0 0
18 14714142 14741866 0.40675 76 9 5 8 9 3 9 2 8 3 6 6 13 9 12 0 0
19 14757868 14785571 0.45759 76 3 2 3 3 2 2 1 3 5 7 0 5 4 7 0 0
20 14881661 14909371 0 76 493 507 413 363 326 416 431 517 352 362 458 542 492 390 0 0
